Number of nodes 340 
     0 :  4.0000000e+00  6.0000000e+00 
     1 :  6.0000000e+00  6.0000000e+00 
     2 :  6.5000000e+00  5.0000000e+00 
     3 :  5.0000000e+00  4.0000000e+00 
     4 :  3.5000000e+00  5.0000000e+00 
     5 :  1.0000000e+00  0.0000000e+00 
     6 :  1.0000000e+00  1.0000000e+00 
     7 :  2.0000000e+00  0.0000000e+00 
     8 :  3.0000000e+00  6.0000000e+00 
     9 :  2.0000000e+00  1.0000000e+00 
    10 :  3.0000000e+00  8.0000000e+00 
    11 :  5.0000000e+00  3.0000000e+00 
    12 :  1.0000000e+00  8.0000000e+00 
    13 :  8.0000000e+00  1.0000000e+00 
    14 :  1.0000000e+00  7.0000000e+00 
    15 :  8.0000000e+00  0.0000000e+00 
    16 :  0.0000000e+00  7.0000000e+00 
    17 :  9.0000000e+00  0.0000000e+00 
    18 :  0.0000000e+00  8.0000000e+00 
    19 :  9.0000000e+00  1.0000000e+00 
    20 :  3.0000000e+00  1.1000000e+01 
    21 :  7.0000000e+00  6.0000000e+00 
    22 :  7.0000000e+00  1.1000000e+01 
    23 :  7.0000000e+00  8.0000000e+00 
    24 :  1.0000000e+01  8.0000000e+00 
    25 :  9.0000000e+00  8.0000000e+00 
    26 :  1.0000000e+01  7.0000000e+00 
    27 :  9.0000000e+00  7.0000000e+00 
    28 :  4.0000000e+00  3.5000000e+00 
    29 :  2.0000000e+00  2.0000000e+00 
    30 :  3.0000000e+00  4.0000000e+00 
    31 :  8.0000000e+00  2.0000000e+00 
    32 :  7.0000000e+00  4.0000000e+00 
    33 :  6.0000000e+00  3.5000000e+00 
    34 :  2.0000000e+00  9.0000000e+00 
    35 :  3.0000000e+00  9.0000000e+00 
    36 :  3.0000000e+00  1.0000000e+01 
    37 :  4.0000000e+00  7.0000000e+00 
    38 :  6.0000000e+00  7.0000000e+00 
    39 :  4.0000000e+00  8.0000000e+00 
    40 :  6.0000000e+00  8.0000000e+00 
    41 :  4.0000000e+00  9.0000000e+00 
    42 :  6.0000000e+00  9.0000000e+00 
    43 :  4.0000000e+00  1.0000000e+01 
    44 :  6.0000000e+00  1.0000000e+01 
    45 :  7.0000000e+00  9.0000000e+00 
    46 :  8.0000000e+00  9.0000000e+00 
    47 :  7.0000000e+00  1.0000000e+01 
    48 :  4.5000000e+00  6.0000000e+00 
    49 :  5.0000000e+00  6.0000000e+00 
    50 :  5.5000000e+00  6.0000000e+00 
    51 :  6.1666667e+00  5.6666667e+00 
    52 :  6.3333333e+00  5.3333333e+00 
    53 :  6.1250000e+00  4.7500000e+00 
    54 :  5.7500000e+00  4.5000000e+00 
    55 :  5.3750000e+00  4.2500000e+00 
    56 :  4.6250000e+00  4.2500000e+00 
    57 :  4.2500000e+00  4.5000000e+00 
    58 :  3.8750000e+00  4.7500000e+00 
    59 :  3.6666667e+00  5.3333333e+00 
    60 :  3.8333333e+00  5.6666667e+00 
    61 :  1.0000000e+00  5.0000000e-01 
    62 :  1.5000000e+00  0.0000000e+00 
    63 :  2.8181818e+00  5.5454545e+00 
    64 :  2.6363636e+00  5.0909091e+00 
    65 :  2.4545455e+00  4.6363636e+00 
    66 :  2.2727273e+00  4.1818182e+00 
    67 :  2.0909091e+00  3.7272727e+00 
    68 :  1.9090909e+00  3.2727273e+00 
    69 :  1.7272727e+00  2.8181818e+00 
    70 :  1.5454545e+00  2.3636364e+00 
    71 :  1.3636364e+00  1.9090909e+00 
    72 :  1.1818182e+00  1.4545455e+00 
    73 :  2.0000000e+00  5.0000000e-01 
    74 :  3.0000000e+00  6.5000000e+00 
    75 :  3.0000000e+00  7.0000000e+00 
    76 :  3.0000000e+00  7.5000000e+00 
    77 :  2.3750000e+00  1.2500000e+00 
    78 :  2.7500000e+00  1.5000000e+00 
    79 :  3.1250000e+00  1.7500000e+00 
    80 :  3.5000000e+00  2.0000000e+00 
    81 :  3.8750000e+00  2.2500000e+00 
    82 :  4.2500000e+00  2.5000000e+00 
    83 :  4.6250000e+00  2.7500000e+00 
    84 :  2.5000000e+00  8.0000000e+00 
    85 :  2.0000000e+00  8.0000000e+00 
    86 :  1.5000000e+00  8.0000000e+00 
    87 :  5.3750000e+00  2.7500000e+00 
    88 :  5.7500000e+00  2.5000000e+00 
    89 :  6.1250000e+00  2.2500000e+00 
    90 :  6.5000000e+00  2.0000000e+00 
    91 :  6.8750000e+00  1.7500000e+00 
    92 :  7.2500000e+00  1.5000000e+00 
    93 :  7.6250000e+00  1.2500000e+00 
    94 :  1.0000000e+00  7.5000000e+00 
    95 :  8.0000000e+00  5.0000000e-01 
    96 :  5.0000000e-01  7.0000000e+00 
    97 :  8.5000000e+00  0.0000000e+00 
    98 :  0.0000000e+00  7.5000000e+00 
    99 :  9.0000000e+00  5.0000000e-01 
   100 :  2.6666667e+00  1.0666667e+01 
   101 :  2.3333333e+00  1.0333333e+01 
   102 :  2.0000000e+00  1.0000000e+01 
   103 :  1.6666667e+00  9.6666667e+00 
   104 :  1.3333333e+00  9.3333333e+00 
   105 :  1.0000000e+00  9.0000000e+00 
   106 :  6.6666667e-01  8.6666667e+00 
   107 :  3.3333333e-01  8.3333333e+00 
   108 :  7.1818182e+00  5.5454545e+00 
   109 :  7.3636364e+00  5.0909091e+00 
   110 :  7.5454545e+00  4.6363636e+00 
   111 :  7.7272727e+00  4.1818182e+00 
   112 :  7.9090909e+00  3.7272727e+00 
   113 :  8.0909091e+00  3.2727273e+00 
   114 :  8.2727273e+00  2.8181818e+00 
   115 :  8.4545455e+00  2.3636364e+00 
   116 :  8.6363636e+00  1.9090909e+00 
   117 :  8.8181818e+00  1.4545455e+00 
   118 :  6.5000000e+00  1.1000000e+01 
   119 :  6.0000000e+00  1.1000000e+01 
   120 :  5.5000000e+00  1.1000000e+01 
   121 :  5.0000000e+00  1.1000000e+01 
   122 :  4.5000000e+00  1.1000000e+01 
   123 :  4.0000000e+00  1.1000000e+01 
   124 :  3.5000000e+00  1.1000000e+01 
   125 :  7.0000000e+00  7.5000000e+00 
   126 :  7.0000000e+00  7.0000000e+00 
   127 :  7.0000000e+00  6.5000000e+00 
   128 :  9.6666667e+00  8.3333333e+00 
   129 :  9.3333333e+00  8.6666667e+00 
   130 :  9.0000000e+00  9.0000000e+00 
   131 :  8.6666667e+00  9.3333333e+00 
   132 :  8.3333333e+00  9.6666667e+00 
   133 :  8.0000000e+00  1.0000000e+01 
   134 :  7.6666667e+00  1.0333333e+01 
   135 :  7.3333333e+00  1.0666667e+01 
   136 :  8.5000000e+00  8.0000000e+00 
   137 :  8.0000000e+00  8.0000000e+00 
   138 :  7.5000000e+00  8.0000000e+00 
   139 :  1.0000000e+01  7.5000000e+00 
   140 :  9.0000000e+00  7.5000000e+00 
   141 :  9.5000000e+00  7.0000000e+00 
   142 :  3.6000000e+00  3.2000000e+00 
   143 :  3.2000000e+00  2.9000000e+00 
   144 :  2.8000000e+00  2.6000000e+00 
   145 :  2.4000000e+00  2.3000000e+00 
   146 :  3.3333333e+00  3.8333333e+00 
   147 :  3.6666667e+00  3.6666667e+00 
   148 :  2.2000000e+00  2.4000000e+00 
   149 :  2.4000000e+00  2.8000000e+00 
   150 :  2.6000000e+00  3.2000000e+00 
   151 :  2.8000000e+00  3.6000000e+00 
   152 :  7.8000000e+00  2.4000000e+00 
   153 :  7.6000000e+00  2.8000000e+00 
   154 :  7.4000000e+00  3.2000000e+00 
   155 :  7.2000000e+00  3.6000000e+00 
   156 :  6.4000000e+00  3.2000000e+00 
   157 :  6.8000000e+00  2.9000000e+00 
   158 :  7.2000000e+00  2.6000000e+00 
   159 :  7.6000000e+00  2.3000000e+00 
   160 :  6.6666667e+00  3.8333333e+00 
   161 :  6.3333333e+00  3.6666667e+00 
   162 :  2.5000000e+00  9.0000000e+00 
   163 :  2.6666667e+00  9.6666667e+00 
   164 :  2.3333333e+00  9.3333333e+00 
   165 :  3.0000000e+00  9.5000000e+00 
   166 :  4.5000000e+00  7.0000000e+00 
   167 :  5.0000000e+00  7.0000000e+00 
   168 :  5.5000000e+00  7.0000000e+00 
   169 :  4.0000000e+00  7.5000000e+00 
   170 :  6.0000000e+00  7.5000000e+00 
   171 :  5.5000000e+00  8.0000000e+00 
   172 :  5.0000000e+00  8.0000000e+00 
   173 :  4.5000000e+00  8.0000000e+00 
   174 :  4.5000000e+00  9.0000000e+00 
   175 :  5.0000000e+00  9.0000000e+00 
   176 :  5.5000000e+00  9.0000000e+00 
   177 :  4.0000000e+00  9.5000000e+00 
   178 :  6.0000000e+00  9.5000000e+00 
   179 :  5.5000000e+00  1.0000000e+01 
   180 :  5.0000000e+00  1.0000000e+01 
   181 :  4.5000000e+00  1.0000000e+01 
   182 :  7.5000000e+00  9.0000000e+00 
   183 :  7.0000000e+00  9.5000000e+00 
   184 :  7.6666667e+00  9.3333333e+00 
   185 :  7.3333333e+00  9.6666667e+00 
   186 :  6.5276598e+00  4.5774803e+00 
   187 :  3.4723402e+00  4.5774803e+00 
   188 :  5.3756421e+00  3.1551660e+00 
   189 :  4.6248971e+00  3.7958247e+00 
   190 :  6.0418298e+00  3.8839420e+00 
   191 :  5.6925891e+00  3.6844094e+00 
   192 :  3.9532350e+00  3.8774912e+00 
   193 :  3.3691922e+00  6.2535684e+00 
   194 :  6.6287041e+00  6.2571807e+00 
   195 :  4.2611616e+00  6.3496093e+00 
   196 :  5.7334003e+00  6.3142422e+00 
   197 :  4.2486162e+00  2.9556110e+00 
   198 :  8.3121124e+00  1.5783613e+00 
   199 :  1.6879386e+00  1.5780724e+00 
   200 :  3.1586668e+00  4.7973611e+00 
   201 :  6.8413332e+00  4.7973611e+00 
   202 :  6.0155885e+00  3.0692567e+00 
   203 :  8.4116625e+00  7.5000000e-01 
   204 :  1.4111175e+00  7.1416669e-01 
   205 :  3.1466311e+00  1.0509958e+01 
   206 :  6.8503739e+00  1.0505136e+01 
   207 :  6.4767685e+00  5.6878149e+00 
   208 :  3.5232315e+00  5.6878149e+00 
   209 :  1.1546159e+00  8.4836449e+00 
   210 :  2.2500000e+00  8.4930414e+00 
   211 :  6.4330127e+00  9.7500000e+00 
   212 :  8.2286230e+00  8.4528922e+00 
   213 :  4.5721329e-01  7.7675853e+00 
   214 :  3.4895936e+00  9.7376237e+00 
   215 :  9.5427867e+00  7.7675853e+00 
   216 :  5.0394948e+00  3.4608299e+00 
   217 :  4.5772071e+00  3.3159778e+00 
   218 :  3.5070803e+00  7.7490196e+00 
   219 :  3.4877360e+00  8.2687963e+00 
   220 :  6.5235588e+00  7.7518034e+00 
   221 :  6.4902025e+00  8.2693676e+00 
   222 :  7.2500000e+00  8.4330127e+00 
   223 :  4.2500000e+00  8.4330127e+00 
   224 :  5.7327886e+00  8.5101497e+00 
   225 :  4.2498177e+00  1.0507039e+01 
   226 :  5.7500000e+00  1.0500000e+01 
   227 :  8.9469240e+00  8.5263916e+00 
   228 :  6.3215438e+00  2.7458612e+00 
   229 :  3.8329790e+00  4.3261274e+00 
   230 :  6.1670210e+00  4.3261274e+00 
   231 :  1.7246730e+00  8.4777662e+00 
   232 :  4.6996219e+00  6.5227592e+00 
   233 :  7.7487016e+00  8.5255849e+00 
   234 :  8.5157800e+00  8.8546797e+00 
   235 :  3.7142515e+00  1.0532123e+01 
   236 :  3.4709936e+00  2.4497595e+00 
   237 :  3.4016311e+00  6.6819800e+00 
   238 :  3.5258089e+00  7.1662014e+00 
   239 :  6.5669873e+00  6.7500000e+00 
   240 :  6.5246799e+00  9.2510287e+00 
   241 :  2.7319425e+00  8.4998728e+00 
   242 :  3.5264021e+00  9.2502609e+00 
   243 :  5.3118603e+00  6.5108819e+00 
   244 :  6.2819800e+00  1.0527272e+01 
   245 :  6.4728748e+00  7.1759778e+00 
   246 :  5.2500000e+00  1.0513049e+01 
   247 :  4.7508765e+00  8.5131189e+00 
   248 :  4.7499696e+00  1.0503348e+01 
   249 :  6.6723186e+00  4.2012901e+00 
   250 :  6.9355577e+00  4.4312499e+00 
   251 :  3.3276814e+00  4.2012901e+00 
   252 :  3.0644423e+00  4.4312499e+00 
   253 :  3.1506326e+00  5.1996914e+00 
   254 :  6.8493674e+00  5.1996914e+00 
   255 :  5.2472775e+00  8.5038781e+00 
   256 :  6.9040064e+00  2.1997595e+00 
   257 :  2.3761821e+00  1.7305001e+00 
   258 :  7.6238552e+00  1.7304247e+00 
   259 :  3.8839474e+00  2.6864504e+00 
   260 :  7.2793197e+00  1.9491258e+00 
   261 :  2.7209936e+00  1.9497595e+00 
   262 :  6.4379930e+00  8.7669373e+00 
   263 :  3.4375718e+00  8.7666726e+00 
   264 :  3.0959936e+00  2.1997595e+00 
   265 :  3.8281310e+00  6.3853443e+00 
   266 :  6.1718690e+00  6.3853443e+00 
   267 :  1.4891407e+00  8.9287537e+00 
   268 :  3.6227791e+00  3.9809818e+00 
   269 :  6.3762339e+00  3.9822719e+00 
   270 :  7.4660028e+00  3.8932705e+00 
   271 :  2.5339972e+00  3.8932705e+00 
   272 :  1.5083001e+00  1.0827974e+00 
   273 :  6.5915064e+00  1.0158494e+01 
   274 :  8.4889594e+00  1.1730891e+00 
   275 :  3.6457725e+00  5.9887350e+00 
   276 :  6.3538769e+00  5.9893371e+00 
   277 :  5.3122319e+00  3.7597310e+00 
   278 :  5.7166026e+00  4.0736101e+00 
   279 :  4.2595813e+00  4.0754011e+00 
   280 :  3.4700952e+00  1.0155941e+01 
   281 :  6.8402941e+00  8.5909718e+00 
   282 :  3.8401093e+00  8.5908903e+00 
   283 :  6.5504678e+00  2.4063545e+00 
   284 :  4.2772149e+00  3.6408247e+00 
   285 :  5.7087491e+00  3.3043614e+00 
   286 :  8.2920449e+00  9.2931582e+00 
   287 :  7.9444444e+00  9.6111111e+00 
   288 :  7.6111111e+00  9.9444444e+00 
   289 :  2.3888889e+00  9.9444444e+00 
   290 :  2.7110703e+00  1.0231383e+01 
   291 :  2.0555556e+00  9.6111111e+00 
   292 :  7.2922970e+00  1.0289916e+01 
   293 :  1.7089393e+00  9.3079730e+00 
   294 :  7.6371368e+00  3.4702799e+00 
   295 :  2.3628632e+00  3.4702799e+00 
   296 :  8.6369270e+00  3.0459453e-01 
   297 :  9.2830267e+00  8.2728365e+00 
   298 :  7.2222222e-01  8.2777778e+00 
   299 :  4.2070961e+00  3.3171647e+00 
   300 :  5.7031761e+00  2.9164402e+00 
   301 :  9.3907601e+00  7.3907601e+00 
   302 :  6.0923990e-01  7.3907601e+00 
   303 :  7.2137259e+00  4.6535827e+00 
   304 :  2.7862741e+00  4.6535827e+00 
   305 :  2.6659085e+00  4.3029948e+00 
   306 :  7.3340915e+00  4.3029948e+00 
   307 :  6.1393690e+00  8.5064930e+00 
   308 :  3.1416548e+00  8.5061954e+00 
   309 :  1.3507995e+00  3.4171120e-01 
   310 :  2.2666332e+00  3.0924802e+00 
   311 :  7.7333668e+00  3.0924802e+00 
   312 :  2.0835513e+00  1.4570187e+00 
   313 :  7.9164487e+00  1.4570187e+00 
   314 :  3.9171611e+00  3.1030157e+00 
   315 :  2.0626821e+00  2.7644789e+00 
   316 :  7.9373179e+00  2.7644789e+00 
   317 :  6.6704326e+00  5.9156064e+00 
   318 :  3.3293169e+00  5.9151764e+00 
   319 :  6.8002084e+00  5.5733322e+00 
   320 :  3.1997703e+00  5.5732956e+00 
   321 :  4.2233276e+00  6.7121488e+00 
   322 :  5.8019889e+00  6.6803002e+00 
   323 :  3.5352109e+00  2.8134134e+00 
   324 :  3.7719506e+00  6.7324101e+00 
   325 :  5.9830617e+00  2.6963116e+00 
   326 :  8.1327104e+00  2.3992121e+00 
   327 :  1.8672896e+00  2.3992121e+00 
   328 :  6.2195774e+00  6.7300411e+00 
   329 :  8.6077870e+00  8.3502828e+00 
   330 :  1.7029208e+00  3.1168773e-01 
   331 :  1.6683282e+00  2.0489757e+00 
   332 :  8.3316718e+00  2.0489757e+00 
   333 :  3.1603202e+00  2.5546170e+00 
   334 :  1.7573532e+00  7.4264118e-01 
   335 :  8.2729727e+00  2.7297267e-01 
   336 :  3.0202666e-01  7.3151541e+00 
   337 :  9.6979733e+00  7.3151541e+00 
   338 :  5.4372199e+00  3.4788114e+00 
   339 :  6.8699346e+00  2.5098028e+00 
Number of edges 186 
     0 :      0     48 
     1 :     48     49 
     2 :     49     50 
     3 :     50      1 
     4 :      1     51 
     5 :     51     52 
     6 :     52      2 
     7 :      2     53 
     8 :     53     54 
     9 :     54     55 
    10 :     55      3 
    11 :      3     56 
    12 :     56     57 
    13 :     57     58 
    14 :     58      4 
    15 :      4     59 
    16 :     59     60 
    17 :     60      0 
    18 :      5     61 
    19 :     61      6 
    20 :      5     62 
    21 :     62      7 
    22 :      8     63 
    23 :     63     64 
    24 :     64     65 
    25 :     65     66 
    26 :     66     67 
    27 :     67     68 
    28 :     68     69 
    29 :     69     70 
    30 :     70     71 
    31 :     71     72 
    32 :     72      6 
    33 :      9     73 
    34 :     73      7 
    35 :      8     74 
    36 :     74     75 
    37 :     75     76 
    38 :     76     10 
    39 :      9     77 
    40 :     77     78 
    41 :     78     79 
    42 :     79     80 
    43 :     80     81 
    44 :     81     82 
    45 :     82     83 
    46 :     83     11 
    47 :     10     84 
    48 :     84     85 
    49 :     85     86 
    50 :     86     12 
    51 :     11     87 
    52 :     87     88 
    53 :     88     89 
    54 :     89     90 
    55 :     90     91 
    56 :     91     92 
    57 :     92     93 
    58 :     93     13 
    59 :     12     94 
    60 :     94     14 
    61 :     15     95 
    62 :     95     13 
    63 :     14     96 
    64 :     96     16 
    65 :     15     97 
    66 :     97     17 
    67 :     18     98 
    68 :     98     16 
    69 :     19     99 
    70 :     99     17 
    71 :     20    100 
    72 :    100    101 
    73 :    101    102 
    74 :    102    103 
    75 :    103    104 
    76 :    104    105 
    77 :    105    106 
    78 :    106    107 
    79 :    107     18 
    80 :     21    108 
    81 :    108    109 
    82 :    109    110 
    83 :    110    111 
    84 :    111    112 
    85 :    112    113 
    86 :    113    114 
    87 :    114    115 
    88 :    115    116 
    89 :    116    117 
    90 :    117     19 
    91 :     22    118 
    92 :    118    119 
    93 :    119    120 
    94 :    120    121 
    95 :    121    122 
    96 :    122    123 
    97 :    123    124 
    98 :    124     20 
    99 :     23    125 
   100 :    125    126 
   101 :    126    127 
   102 :    127     21 
   103 :     24    128 
   104 :    128    129 
   105 :    129    130 
   106 :    130    131 
   107 :    131    132 
   108 :    132    133 
   109 :    133    134 
   110 :    134    135 
   111 :    135     22 
   112 :     25    136 
   113 :    136    137 
   114 :    137    138 
   115 :    138     23 
   116 :     26    139 
   117 :    139     24 
   118 :     27    140 
   119 :    140     25 
   120 :     26    141 
   121 :    141     27 
   122 :     28    142 
   123 :    142    143 
   124 :    143    144 
   125 :    144    145 
   126 :    145     29 
   127 :     30    146 
   128 :    146    147 
   129 :    147     28 
   130 :     29    148 
   131 :    148    149 
   132 :    149    150 
   133 :    150    151 
   134 :    151     30 
   135 :     31    152 
   136 :    152    153 
   137 :    153    154 
   138 :    154    155 
   139 :    155     32 
   140 :     33    156 
   141 :    156    157 
   142 :    157    158 
   143 :    158    159 
   144 :    159     31 
   145 :     32    160 
   146 :    160    161 
   147 :    161     33 
   148 :     34    162 
   149 :    162     35 
   150 :     36    163 
   151 :    163    164 
   152 :    164     34 
   153 :     35    165 
   154 :    165     36 
   155 :     37    166 
   156 :    166    167 
   157 :    167    168 
   158 :    168     38 
   159 :     39    169 
   160 :    169     37 
   161 :     38    170 
   162 :    170     40 
   163 :     40    171 
   164 :    171    172 
   165 :    172    173 
   166 :    173     39 
   167 :     41    174 
   168 :    174    175 
   169 :    175    176 
   170 :    176     42 
   171 :     43    177 
   172 :    177     41 
   173 :     42    178 
   174 :    178     44 
   175 :     44    179 
   176 :    179    180 
   177 :    180    181 
   178 :    181     43 
   179 :     45    182 
   180 :    182     46 
   181 :     47    183 
   182 :    183     45 
   183 :     46    184 
   184 :    184    185 
   185 :    185     47 
Number of triangles 506 
     0 :    106    209    105
     1 :     19    203     99
     2 :    189    216      3
     3 :     83    217    197
     4 :     34    210    162
     5 :     47    211    183
     6 :     11    217     83
     7 :    208    320     59
     8 :     52    319    207
     9 :    187    252    251
    10 :    249    250    186
    11 :    140    215     25
    12 :     43    214    177
    13 :     12    213     94
    14 :    256    260    158
    15 :    205    290     36
    16 :     47    292    206
    17 :    189    217    216
    18 :     59    320    253
    19 :    254    319     52
    20 :    261    264    144
    21 :    192    279    229
    22 :    119    244    118
    23 :    226    244    119
    24 :    125    245    126
    25 :     49    232     48
    26 :      2    254     52
    27 :     59    253      4
    28 :    187    251    229
    29 :    230    249    186
    30 :     43    280    214
    31 :     41    223    174
    32 :    176    224     42
    33 :     45    222    182
    34 :    170    220     40
    35 :     76    218     10
    36 :    181    225     43
    37 :    120    226    119
    38 :    179    246    180
    39 :    158    260    159
    40 :    169    238     37
    41 :    200    253     64
    42 :    109    254    201
    43 :    230    269    249
    44 :    251    268    229
    45 :    186    250    201
    46 :    200    252    187
    47 :    145    261    144
    48 :     85    231     86
    49 :    167    243    168
    50 :      9    312    199
    51 :    198    313     13
    52 :    199    272      9
    53 :     34    231    210
    54 :    172    255    247
    55 :    137    233    138
    56 :     23    281    221
    57 :     39    282    219
    58 :    229    279     57
    59 :    171    255    172
    60 :    124    235    123
    61 :     46    233    212
    62 :     10    241     84
    63 :     42    240    178
    64 :    206    292    135
    65 :    100    290    205
    66 :     13    274    198
    67 :    122    248    121
    68 :    172    247    173
    69 :     19    274    203
    70 :     35    242    165
    71 :    212    234     46
    72 :    203    296     99
    73 :     29    257    145
    74 :    159    258     31
    75 :     12    298    213
    76 :    215    297     25
    77 :    106    298    209
    78 :     76    238    218
    79 :    206    273     47
    80 :    218    238    169
    81 :     36    280    205
    82 :     64    304    200
    83 :    201    303    109
    84 :    209    267    105
    85 :    213    298    107
    86 :    128    297    215
    87 :    220    221     40
    88 :    218    219     10
    89 :    230    278    190
    90 :    214    242    177
    91 :    277    278     55
    92 :    126    245    239
    93 :    210    241    162
    94 :    211    240    183
    95 :    163    290    289
    96 :    287    288    185
    97 :    184    287    185
    98 :    288    292     47
    99 :     36    290    163
   100 :     46    287    184
   101 :    286    287     46
   102 :    291    293     34
   103 :    185    288     47
   104 :    164    291     34
   105 :    163    289    164
   106 :    289    291    164
   107 :    159    260    258
   108 :    118    244    206
   109 :    222    233    182
   110 :     49    243    232
   111 :    235    280     43
   112 :    225    235     43
   113 :    213    302     94
   114 :    140    301    215
   115 :    257    261    145
   116 :     47    273    211
   117 :     48    232    195
   118 :    220    245    125
   119 :    170    245    220
   120 :    223    247    174
   121 :    246    248    180
   122 :    181    248    225
   123 :     86    231    209
   124 :    210    231     85
   125 :    212    233    137
   126 :    120    246    226
   127 :    226    246    179
   128 :    176    255    224
   129 :    217    299    197
   130 :    191    278    277
   131 :     22    206    135
   132 :    100    205     20
   133 :     84    241    210
   134 :    178    240    211
   135 :     23    221    220
   136 :     39    219    218
   137 :    205    235    124
   138 :    216    217     11
   139 :    232    243    167
   140 :    138    233    222
   141 :    240    262     45
   142 :    123    235    225
   143 :    242    263     41
   144 :    216    277      3
   145 :    243    322    168
   146 :    238    324     37
   147 :     18    213    107
   148 :    128    215     24
   149 :     72    199     71
   150 :    116    198    117
   151 :    211    273     44
   152 :    173    247    223
   153 :    225    248    122
   154 :    121    248    246
   155 :     54    278    230
   156 :    224    255    171
   157 :    165    242    214
   158 :     44    273    244
   159 :     42    262    240
   160 :     34    267    231
   161 :     33    202    156
   162 :     35    263    242
   163 :    224    307     42
   164 :     31    313    198
   165 :    199    312     29
   166 :     45    281    222
   167 :    222    281     23
   168 :     41    282    223
   169 :    223    282     39
   170 :     10    308    241
   171 :    130    234    227
   172 :    314    323    259
   173 :    189    284    217
   174 :    131    234    130
   175 :     64    253     63
   176 :    108    254    109
   177 :    258    313     31
   178 :     29    312    257
   179 :    239    266    194
   180 :     68    310    295
   181 :    294    311    113
   182 :    262    281     45
   183 :     53    186      2
   184 :      4    187     58
   185 :    263    282     41
   186 :    237    324    238
   187 :     34    293    267
   188 :    112    294    113
   189 :     68    295     67
   190 :     68    315    310
   191 :    311    316    113
   192 :    127    239    194
   193 :    182    233     46
   194 :      3    277     55
   195 :    193    265    237
   196 :    196    322    243
   197 :     72    272    199
   198 :      8    193     74
   199 :    127    194     21
   200 :     48    195      0
   201 :      1    196     50
   202 :    111    270    112
   203 :     67    271     66
   204 :    204    272      6
   205 :    284    299    217
   206 :     32    306    250
   207 :    252    305     30
   208 :    190    269    230
   209 :    229    268    192
   210 :     69    315     68
   211 :    113    316    114
   212 :    198    274    117
   213 :     67    295    271
   214 :    270    294    112
   215 :    228    283    157
   216 :      6    272     72
   217 :    247    255    175
   218 :     56    189      3
   219 :     87    188     11
   220 :     83    197     82
   221 :     50    243     49
   222 :    177    242     41
   223 :    142    323    314
   224 :    183    240     45
   225 :    162    241     35
   226 :    228    325     89
   227 :    245    328    239
   228 :    117    274     19
   229 :    193    237     74
   230 :     89    283    228
   231 :    174    247    175
   232 :    180    248    181
   233 :    227    329     25
   234 :     61    204      6
   235 :     75    238     76
   236 :    231    267    209
   237 :     95    203     13
   238 :    270    306     32
   239 :     30    305    271
   240 :     20    205    124
   241 :    118    206     22
   242 :    175    255    176
   243 :    126    239    127
   244 :     29    331    199
   245 :    198    332     31
   246 :    197    259     82
   247 :    203    274     13
   248 :    237    238     75
   249 :     54    230     53
   250 :     58    229     57
   251 :    188    216     11
   252 :     86    209     12
   253 :    178    211     44
   254 :    136    212    137
   255 :     84    210     85
   256 :     25    297    227
   257 :     24    215    139
   258 :     98    213     18
   259 :    165    214     36
   260 :    234    329    227
   261 :    196    243     50
   262 :    209    298     12
   263 :     44    244    226
   264 :      4    200    187
   265 :    186    201      2
   266 :     38    245    170
   267 :    166    232    167
   268 :    187    229     58
   269 :     53    230    186
   270 :     78    257     77
   271 :     93    258     92
   272 :     38    328    245
   273 :     44    226    179
   274 :    121    246    120
   275 :    123    225    122
   276 :     39    218    169
   277 :     23    220    125
   278 :    138    222     23
   279 :    173    223     39
   280 :     40    224    171
   281 :     74    237     75
   282 :      1    276    266
   283 :    265    275      0
   284 :     17    296     97
   285 :     99    296     17
   286 :    321    324    265
   287 :     81    259    236
   288 :    232    321    195
   289 :     82    259     81
   290 :    266    328    322
   291 :     94    302     14
   292 :     14    302     96
   293 :     27    301    140
   294 :    141    301     27
   295 :    272    334      9
   296 :    258    260     92
   297 :    212    329    234
   298 :    156    228    157
   299 :     92    260     91
   300 :    239    328    266
   301 :    130    227    129
   302 :    197    314    259
   303 :     30    271    151
   304 :    155    270     32
   305 :    219    308     10
   306 :    266    322    196
   307 :    195    321    265
   308 :    221    307     40
   309 :    283    339    157
   310 :    146    251     30
   311 :     32    249    160
   312 :     78    261    257
   313 :    142    314     28
   314 :     79    261     78
   315 :     33    285    202
   316 :     80    264     79
   317 :     81    236     80
   318 :     91    256     90
   319 :    199    331     71
   320 :    116    332    198
   321 :    330    334    204
   322 :     57    279     56
   323 :      1    266    196
   324 :    195    265      0
   325 :    202    228    156
   326 :     28    192    147
   327 :    161    190     33
   328 :     91    260    256
   329 :    265    324    237
   330 :    105    267    104
   331 :     69    327    315
   332 :    316    326    114
   333 :    244    273    206
   334 :    114    326    115
   335 :     70    327     69
   336 :     79    264    261
   337 :    191    285     33
   338 :    236    264     80
   339 :     88    300     87
   340 :      4    253    200
   341 :    201    254      2
   342 :    241    308     35
   343 :     89    325     88
   344 :    309    330    204
   345 :     40    307    224
   346 :     60    208     59
   347 :     52    207     51
   348 :     32    250    249
   349 :    251    252     30
   350 :    221    281    262
   351 :    166    321    232
   352 :     25    329    136
   353 :     90    283     89
   354 :    219    282    263
   355 :    146    268    251
   356 :    249    269    160
   357 :    160    269    161
   358 :    147    268    146
   359 :      5    309     61
   360 :     62    309      5
   361 :    190    191     33
   362 :    205    280    235
   363 :    234    286     46
   364 :    131    286    234
   365 :     28    299    284
   366 :     42    307    262
   367 :     35    308    263
   368 :     13    313     93
   369 :     77    312      9
   370 :    161    269    190
   371 :    192    268    147
   372 :     21    319    108
   373 :     63    320      8
   374 :     55    278     54
   375 :    266    276    194
   376 :    193    275    265
   377 :    317    319     21
   378 :      8    320    318
   379 :    194    317     21
   380 :      8    318    193
   381 :    227    297    129
   382 :    267    293    104
   383 :     88    325    300
   384 :     56    279    189
   385 :     51    276      1
   386 :      0    275     60
   387 :    158    339    256
   388 :    188    338    216
   389 :    250    303    201
   390 :    200    304    252
   391 :    214    280     36
   392 :    207    276     51
   393 :     60    275    208
   394 :    204    334    272
   395 :     98    336    213
   396 :    215    337    139
   397 :     95    335    203
   398 :    190    278    191
   399 :    256    283     90
   400 :      9    334     73
   401 :    109    303    110
   402 :     65    304     64
   403 :    155    294    270
   404 :    271    295    151
   405 :    108    319    254
   406 :    253    320     63
   407 :     87    300    188
   408 :    133    287    132
   409 :    134    288    133
   410 :    134    292    288
   411 :    289    290    101
   412 :    102    289    101
   413 :    133    288    287
   414 :    101    290    100
   415 :    103    291    102
   416 :    104    293    103
   417 :    132    286    131
   418 :    102    291    289
   419 :    135    292    134
   420 :    103    293    291
   421 :    132    287    286
   422 :     28    284    192
   423 :    154    294    155
   424 :    151    295    150
   425 :    107    298    106
   426 :    129    297    128
   427 :    157    339    158
   428 :     61    309    204
   429 :    143    323    142
   430 :    110    306    111
   431 :     66    305     65
   432 :    191    338    285
   433 :    216    338    277
   434 :    264    333    144
   435 :    257    312     77
   436 :     93    313    258
   437 :    262    307    221
   438 :    202    325    228
   439 :    318    320    208
   440 :    207    319    317
   441 :    304    305    252
   442 :    250    306    303
   443 :    150    310    149
   444 :    153    311    154
   445 :    263    308    219
   446 :    136    329    212
   447 :    295    310    150
   448 :    154    311    294
   449 :    203    335    296
   450 :     71    331     70
   451 :    115    332    116
   452 :     73    330      7
   453 :      7    330     62
   454 :    301    337    215
   455 :    213    336    302
   456 :    144    333    143
   457 :     37    321    166
   458 :    168    322     38
   459 :    192    284    279
   460 :     96    336     16
   461 :     16    336     98
   462 :     26    337    141
   463 :    139    337     26
   464 :     15    335     95
   465 :     97    335     15
   466 :    259    323    236
   467 :    149    315    148
   468 :    152    316    153
   469 :    310    315    149
   470 :    153    316    311
   471 :    148    327     29
   472 :     31    326    152
   473 :    279    284    189
   474 :    300    325    202
   475 :    315    327    148
   476 :    152    326    316
   477 :     37    324    321
   478 :    323    333    236
   479 :     65    305    304
   480 :    303    306    110
   481 :    322    328     38
   482 :    143    333    323
   483 :    236    333    264
   484 :     73    334    330
   485 :    275    318    208
   486 :    207    317    276
   487 :    111    306    270
   488 :    271    305     66
   489 :     28    314    299
   490 :    188    300    285
   491 :    299    314    197
   492 :    277    338    191
   493 :    285    300    202
   494 :    285    338    188
   495 :    193    318    275
   496 :    276    317    194
   497 :    296    335     97
   498 :    256    339    283
   499 :    141    337    301
   500 :    302    336     96
   501 :     62    330    309
   502 :    327    331     29
   503 :     31    332    326
   504 :    326    332    115
   505 :     70    331    327
Number of domains 48
  Domain :      0 
  Name : Entity 43 
  Number of elements :      4
     0     1     2     3
  Domain :      1 
  Name : Entity 44 
  Number of elements :      3
     4     5     6
  Domain :      2 
  Name : Entity 45 
  Number of elements :      4
     7     8     9    10
  Domain :      3 
  Name : Entity 46 
  Number of elements :      4
    11    12    13    14
  Domain :      4 
  Name : Entity 47 
  Number of elements :      3
    15    16    17
  Domain :      5 
  Name : Entity 48 
  Number of elements :      2
    18    19
  Domain :      6 
  Name : Entity 49 
  Number of elements :      2
    20    21
  Domain :      7 
  Name : Entity 50 
  Number of elements :     11
    22    23    24    25    26    27    28    29    30    31
    32
  Domain :      8 
  Name : Entity 51 
  Number of elements :      2
    33    34
  Domain :      9 
  Name : Entity 52 
  Number of elements :      4
    35    36    37    38
  Domain :     10 
  Name : Entity 53 
  Number of elements :      8
    39    40    41    42    43    44    45    46
  Domain :     11 
  Name : Entity 54 
  Number of elements :      4
    47    48    49    50
  Domain :     12 
  Name : Entity 55 
  Number of elements :      8
    51    52    53    54    55    56    57    58
  Domain :     13 
  Name : Entity 56 
  Number of elements :      2
    59    60
  Domain :     14 
  Name : Entity 57 
  Number of elements :      2
    61    62
  Domain :     15 
  Name : Entity 58 
  Number of elements :      2
    63    64
  Domain :     16 
  Name : Entity 59 
  Number of elements :      2
    65    66
  Domain :     17 
  Name : Entity 60 
  Number of elements :      2
    67    68
  Domain :     18 
  Name : Entity 61 
  Number of elements :      2
    69    70
  Domain :     19 
  Name : Entity 62 
  Number of elements :      9
    71    72    73    74    75    76    77    78    79
  Domain :     20 
  Name : Entity 63 
  Number of elements :     11
    80    81    82    83    84    85    86    87    88    89
    90
  Domain :     21 
  Name : Entity 64 
  Number of elements :      8
    91    92    93    94    95    96    97    98
  Domain :     22 
  Name : Entity 65 
  Number of elements :      4
    99   100   101   102
  Domain :     23 
  Name : Entity 66 
  Number of elements :      9
   103   104   105   106   107   108   109   110   111
  Domain :     24 
  Name : Entity 67 
  Number of elements :      4
   112   113   114   115
  Domain :     25 
  Name : Entity 68 
  Number of elements :      2
   116   117
  Domain :     26 
  Name : Entity 69 
  Number of elements :      2
   118   119
  Domain :     27 
  Name : Entity 70 
  Number of elements :      2
   120   121
  Domain :     28 
  Name : Entity 71 
  Number of elements :      5
   122   123   124   125   126
  Domain :     29 
  Name : Entity 72 
  Number of elements :      3
   127   128   129
  Domain :     30 
  Name : Entity 73 
  Number of elements :      5
   130   131   132   133   134
  Domain :     31 
  Name : Entity 74 
  Number of elements :      5
   135   136   137   138   139
  Domain :     32 
  Name : Entity 75 
  Number of elements :      5
   140   141   142   143   144
  Domain :     33 
  Name : Entity 76 
  Number of elements :      3
   145   146   147
  Domain :     34 
  Name : Entity 77 
  Number of elements :      2
   148   149
  Domain :     35 
  Name : Entity 78 
  Number of elements :      3
   150   151   152
  Domain :     36 
  Name : Entity 79 
  Number of elements :      2
   153   154
  Domain :     37 
  Name : Entity 80 
  Number of elements :      4
   155   156   157   158
  Domain :     38 
  Name : Entity 81 
  Number of elements :      2
   159   160
  Domain :     39 
  Name : Entity 82 
  Number of elements :      2
   161   162
  Domain :     40 
  Name : Entity 83 
  Number of elements :      4
   163   164   165   166
  Domain :     41 
  Name : Entity 84 
  Number of elements :      4
   167   168   169   170
  Domain :     42 
  Name : Entity 85 
  Number of elements :      2
   171   172
  Domain :     43 
  Name : Entity 86 
  Number of elements :      2
   173   174
  Domain :     44 
  Name : Entity 87 
  Number of elements :      4
   175   176   177   178
  Domain :     45 
  Name : Entity 88 
  Number of elements :      2
   179   180
  Domain :     46 
  Name : Entity 89 
  Number of elements :      2
   181   182
  Domain :     47 
  Name : Entity 90 
  Number of elements :      3
   183   184   185
